#R dependence of bare Coulomb
#1:R [AA], 2:Re[V(R)] [eV], 3:Im[V(R)] [eV]
    28.88812     0.54309    -0.00000
    26.66192     0.56301     0.00000
    24.84288     0.59353    -0.00000
    22.33639     0.63628     0.00000
    28.02182     0.57902    -0.00000
    25.35902     0.60497    -0.00000
    22.54934     0.65386    -0.00000
    19.60109     0.71685    -0.00000
    36.52050     0.51959    -0.00000
    34.25094     0.53037     0.00000
    31.58483     0.54759     0.00000
    29.45024     0.56547    -0.00000
    24.06255     0.62552     0.00000
    21.30794     0.67400     0.00000
    21.77341     0.67655     0.00000
    18.99354     0.75245    -0.00000
    21.02032     0.71376    -0.00000
    17.27422     0.80762     0.00000
    16.65935     0.84741    -0.00000
    12.57742     1.06107     0.00000
    30.04209     0.57556     0.00000
    27.21387     0.59680    -0.00000
    26.05402     0.62290     0.00000
    23.52560     0.65829    -0.00000
    23.57756     0.65257    -0.00000
    20.72706     0.70943    -0.00000
    23.73619     0.64314    -0.00000
    21.33089     0.69241    -0.00000
    18.19059     0.81515    -0.00000
    13.64294     0.99551     0.00000
    16.70353     0.84743    -0.00000
    12.82936     1.04147    -0.00000
    26.52771     0.63027     0.00000
    23.24811     0.66594    -0.00000
    24.33997     0.64597    -0.00000
    21.72564     0.68612    -0.00000
    27.66241     0.58279    -0.00000
    25.25086     0.61004    -0.00000
    29.75137     0.55321    -0.00000
    27.95839     0.57127    -0.00000
    21.26861     0.70766    -0.00000
    17.50067     0.79429     0.00000
    22.64716     0.65454     0.00000
    20.08497     0.70376    -0.00000
    27.15371     0.60262     0.00000
    23.93254     0.63127     0.00000
    27.17478     0.57799     0.00000
    24.95928     0.59791    -0.00000
    34.74088     0.52213     0.00000
    32.83311     0.53463    -0.00000
    37.93803     0.52626     0.00000
    36.61624     0.54321    -0.00000
    28.39405     0.57697     0.00000
    25.66767     0.60142    -0.00000
    31.29205     0.56741    -0.00000
    29.57417     0.58907     0.00000
    31.67556     0.53375     0.00000
    28.93909     0.54707     0.00000
    33.42029     0.52195    -0.00000
    31.72286     0.53269     0.00000
    25.07099     0.58540    -0.00000
    24.24074     0.60026     0.00000
    21.29911     0.66075     0.00000
    20.33020     0.68809     0.00000
    23.28732     0.63926     0.00000
    21.97455     0.66739    -0.00000
    17.54997     0.78332    -0.00000
    16.17563     0.84308     0.00000
    32.46335     0.54502     0.00000
    31.24057     0.55776     0.00000
    27.57129     0.58538     0.00000
    26.60470     0.59973     0.00000
    19.24610     0.73232    -0.00000
    18.11516     0.77512     0.00000
    17.54822     0.81422     0.00000
    16.50855     0.86854    -0.00000
    14.01091     0.96490    -0.00000
    11.64366     1.15018     0.00000
     8.62774     1.48962     0.00000
     5.74584     2.18187    -0.00000
    24.90029     0.62752     0.00000
    23.25545     0.65767    -0.00000
    20.94663     0.71400     0.00000
    19.78188     0.75169     0.00000
    18.56563     0.78110     0.00000
    17.35271     0.84040     0.00000
    19.86555     0.74145     0.00000
    19.08297     0.77127    -0.00000
     9.09530     1.39995    -0.00000
     4.54765     2.42776     0.00000
     8.56077     1.50334     0.00000
     6.06554     2.08838     0.00000
    20.45951     0.72567     0.00000
    18.38671     0.79614    -0.00000
    18.70184     0.77108     0.00000
    17.52847     0.82047     0.00000
    23.48117     0.64264    -0.00000
    22.50526     0.66840    -0.00000
    26.71615     0.59188    -0.00000
    26.23356     0.60139     0.00000
    14.19702     0.94147     0.00000
    11.75584     1.12686     0.00000
    17.45130     0.78798     0.00000
    16.52208     0.82694     0.00000
    21.20310     0.68018     0.00000
    19.17650     0.73667     0.00000
    22.20740     0.64456    -0.00000
    21.34442     0.66323     0.00000
    31.47157     0.54947     0.00000
    30.72896     0.56061    -0.00000
    35.57074     0.55474     0.00000
    35.27962     0.56481    -0.00000
    23.51168     0.63498     0.00000
    22.09368     0.66459    -0.00000
    27.71681     0.61420     0.00000
    27.23197     0.62868     0.00000
    26.70137     0.56797     0.00000
    25.09617     0.58887     0.00000
    29.47865     0.55093     0.00000
    28.91944     0.55872    -0.00000
    24.24942     0.60206    -0.00000
    25.09617     0.58887     0.00000
    21.34442     0.66323     0.00000
    22.20740     0.64456     0.00000
    21.55979     0.67856    -0.00000
    22.09368     0.66459    -0.00000
    16.52208     0.82694    -0.00000
    17.45130     0.78798     0.00000
    30.65029     0.56406    -0.00000
    30.72896     0.56061     0.00000
    26.23356     0.60139     0.00000
    26.71615     0.59188     0.00000
    18.09054     0.77694     0.00000
    19.17650     0.73667     0.00000
    17.52847     0.82047    -0.00000
    18.70184     0.77108    -0.00000
    10.77990     1.24075     0.00000
    11.75584     1.12686    -0.00000
     6.06554     2.08838     0.00000
     8.56077     1.50334     0.00000
    22.42700     0.67426    -0.00000
    22.50526     0.66840    -0.00000
    19.08297     0.77127    -0.00000
    19.86555     0.74145    -0.00000
    17.28909     0.84579    -0.00000
    18.38671     0.79614     0.00000
    19.78188     0.75169    -0.00000
    20.94663     0.71400     0.00000
     0.00000     4.43997     0.00000
     4.54765     2.42776     0.00000
     5.74584     2.18187    -0.00000
     8.62774     1.48962    -0.00000
    17.28909     0.84579     0.00000
    17.35271     0.84040    -0.00000
    16.50855     0.86854     0.00000
    17.54822     0.81422    -0.00000
    22.42700     0.67426     0.00000
    23.25545     0.65767    -0.00000
    26.60470     0.59973     0.00000
    27.57129     0.58538     0.00000
    10.77990     1.24075    -0.00000
    11.64366     1.15018     0.00000
    16.17563     0.84308     0.00000
    17.54997     0.78332     0.00000
    18.09054     0.77694    -0.00000
    18.11516     0.77512     0.00000
    20.33020     0.68809     0.00000
    21.29911     0.66075    -0.00000
    30.65029     0.56406     0.00000
    31.24057     0.55776    -0.00000
    35.45011     0.55872    -0.00000
    36.24918     0.55093    -0.00000
    21.55979     0.67856     0.00000
    21.97455     0.66739    -0.00000
    26.88307     0.62868    -0.00000
    27.82045     0.61420    -0.00000
    24.24942     0.60206     0.00000
    24.24074     0.60026     0.00000
    28.04486     0.56481    -0.00000
    28.84054     0.55474     0.00000
    26.70137     0.56797    -0.00000
    28.93909     0.54707     0.00000
    24.95928     0.59791     0.00000
    27.17478     0.57799     0.00000
    23.51168     0.63498    -0.00000
    25.66767     0.60142    -0.00000
    20.08497     0.70376     0.00000
    22.64716     0.65454     0.00000
    31.47157     0.54947    -0.00000
    32.83311     0.53463     0.00000
    27.95839     0.57127     0.00000
    29.75137     0.55321     0.00000
    21.20310     0.68018    -0.00000
    23.93254     0.63127     0.00000
    21.72564     0.68612     0.00000
    24.33997     0.64597    -0.00000
    14.19702     0.94147    -0.00000
    17.50067     0.79429     0.00000
    12.82936     1.04147    -0.00000
    16.70353     0.84743     0.00000
    23.48117     0.64264     0.00000
    25.25086     0.61004    -0.00000
    21.33089     0.69241    -0.00000
    23.73619     0.64314     0.00000
    20.45951     0.72567     0.00000
    23.24811     0.66594    -0.00000
    23.52560     0.65829     0.00000
    26.05402     0.62290    -0.00000
     9.09530     1.39995     0.00000
    13.64294     0.99551     0.00000
    12.57742     1.06107     0.00000
    16.65935     0.84741     0.00000
    18.56563     0.78110    -0.00000
    20.72706     0.70943    -0.00000
    18.99354     0.75245    -0.00000
    21.77341     0.67655    -0.00000
    24.90029     0.62752    -0.00000
    27.21387     0.59680    -0.00000
    29.45024     0.56547     0.00000
    31.58483     0.54759     0.00000
    14.01091     0.96490     0.00000
    17.27422     0.80762     0.00000
    19.60109     0.71685    -0.00000
    22.54934     0.65386     0.00000
    19.24610     0.73232     0.00000
    21.30794     0.67400     0.00000
    22.33639     0.63628     0.00000
    24.84288     0.59353    -0.00000
    32.46335     0.54502    -0.00000
    34.25094     0.53037    -0.00000
    37.59776     0.53269     0.00000
    39.35485     0.52195    -0.00000
    23.28732     0.63926    -0.00000
    25.35902     0.60497    -0.00000
    29.02802     0.58907     0.00000
    31.17408     0.56741     0.00000
    25.07099     0.58540     0.00000
    26.66192     0.56301     0.00000
    29.48706     0.54321    -0.00000
    31.50664     0.52626     0.00000
    31.67556     0.53375    -0.00000
    34.79329     0.53225     0.00000
    30.91594     0.56064    -0.00000
    33.90012     0.57320     0.00000
    28.39405     0.57697    -0.00000
    31.54326     0.56876    -0.00000
    26.44393     0.61777    -0.00000
    29.77732     0.62273    -0.00000
    34.74088     0.52213    -0.00000
    37.11073     0.51650     0.00000
    32.25822     0.53924    -0.00000
    34.95689     0.53821    -0.00000
    27.15371     0.60262    -0.00000
    30.71227     0.60084     0.00000
    28.32329     0.61960     0.00000
    31.63161     0.63661     0.00000
    21.26861     0.70766     0.00000
    25.29419     0.68225    -0.00000
    21.39727     0.74823     0.00000
    25.49858     0.75241     0.00000
    27.66241     0.58279     0.00000
    30.56426     0.57071    -0.00000
    26.67026     0.61130    -0.00000
    29.96034     0.60324     0.00000
    26.52771     0.63027    -0.00000
    30.13846     0.62608    -0.00000
    29.68221     0.60324    -0.00000
    32.92888     0.61130    -0.00000
    18.19059     0.81515     0.00000
    22.73824     0.76520     0.00000
    21.18530     0.75241     0.00000
    25.41808     0.74823     0.00000
    23.57756     0.65257     0.00000
    26.89896     0.62608    -0.00000
    24.78761     0.63661    -0.00000
    28.38436     0.61960     0.00000
    30.04209     0.57556    -0.00000
    33.25390     0.57071    -0.00000
    34.52928     0.53821    -0.00000
    37.42294     0.53924     0.00000
    21.02032     0.71376     0.00000
    25.03341     0.68225     0.00000
    25.92688     0.62273     0.00000
    29.57013     0.61777     0.00000
    24.06255     0.62552    -0.00000
    27.30104     0.60084     0.00000
    27.38541     0.57320     0.00000
    30.75929     0.56064    -0.00000
    36.52050     0.51959     0.00000
    39.18838     0.51650    -0.00000
    41.66439     0.51329    -0.00000
    44.14808     0.51724    -0.00000
    28.02182     0.57902     0.00000
    31.12439     0.56876    -0.00000
    33.58574     0.55303     0.00000
    36.53927     0.55303    -0.00000
    28.88812     0.54309     0.00000
    31.61568     0.53225     0.00000
    33.43513     0.51724    -0.00000
    36.31816     0.51329    -0.00000
