#R dependence of bare Coulomb
#1:R [AA], 2:Re[V(R)] [eV], 3:Im[V(R)] [eV]
    33.43513     0.51724     0.00000
    31.19320     0.52780    -0.00000
    28.88812     0.54211    -0.00000
    26.33335     0.56605     0.00000
    33.58574     0.55303    -0.00000
    31.05854     0.56625     0.00000
    28.02182     0.57825    -0.00000
    25.26122     0.60492    -0.00000
    41.66439     0.51329     0.00000
    39.42176     0.51968     0.00000
    36.52050     0.51931     0.00000
    34.36041     0.52948    -0.00000
    27.38541     0.57320    -0.00000
    24.57145     0.59906    -0.00000
    24.06255     0.62393     0.00000
    21.04414     0.67821    -0.00000
    25.92688     0.62273    -0.00000
    22.52824     0.65595    -0.00000
    21.02032     0.71200     0.00000
    17.31149     0.80259     0.00000
    34.52928     0.53821     0.00000
    31.76654     0.54777     0.00000
    30.04209     0.57534    -0.00000
    27.46535     0.59519    -0.00000
    24.78761     0.63661     0.00000
    21.60807     0.68211     0.00000
    23.57756     0.65238     0.00000
    20.60772     0.71070     0.00000
    21.18530     0.75241     0.00000
    16.81734     0.84534    -0.00000
    18.19059     0.81721    -0.00000
    13.91614     0.98210    -0.00000
    29.68221     0.60324     0.00000
    26.39247     0.62058     0.00000
    26.52771     0.63079     0.00000
    23.67414     0.65957    -0.00000
    26.67026     0.61130     0.00000
    23.71653     0.64347     0.00000
    27.66241     0.58319    -0.00000
    25.27672     0.60860     0.00000
    21.39727     0.74823    -0.00000
    17.04514     0.83640    -0.00000
    21.26861     0.71078     0.00000
    17.88972     0.78578    -0.00000
    28.32329     0.61960    -0.00000
    24.82791     0.63880    -0.00000
    27.15371     0.60345     0.00000
    24.47442     0.62357    -0.00000
    32.25822     0.53924     0.00000
    29.84043     0.55194    -0.00000
    34.74088     0.52193    -0.00000
    32.94784     0.53430     0.00000
    26.44393     0.61777     0.00000
    23.03611     0.64741     0.00000
    28.39405     0.57750     0.00000
    26.05452     0.59789     0.00000
    30.91594     0.56064     0.00000
    27.72543     0.57148    -0.00000
    31.67556     0.53391    -0.00000
    29.49477     0.54276    -0.00000
    29.48706     0.54321     0.00000
    28.41336     0.55718    -0.00000
    25.07099     0.58397     0.00000
    23.77805     0.60703    -0.00000
    29.02802     0.58907    -0.00000
    27.60401     0.61258     0.00000
    23.28732     0.63731     0.00000
    21.75143     0.67012    -0.00000
    37.59776     0.53269    -0.00000
    36.25561     0.54740     0.00000
    32.46335     0.54469    -0.00000
    31.28385     0.55694    -0.00000
    22.33639     0.63628    -0.00000
    20.86707     0.67109    -0.00000
    19.24610     0.72842    -0.00000
    17.66865     0.79029    -0.00000
    19.60109     0.71685     0.00000
    17.38521     0.78870    -0.00000
    14.01091     0.95251    -0.00000
    11.49168     1.15107     0.00000
    29.45024     0.56547    -0.00000
    27.69264     0.58528     0.00000
    24.90029     0.62672    -0.00000
    23.44700     0.65546     0.00000
    18.99354     0.75245     0.00000
    17.20355     0.82897     0.00000
    18.56563     0.77962     0.00000
    17.06981     0.84965    -0.00000
    12.57742     1.06107    -0.00000
     8.65575     1.49064    -0.00000
     9.09530     1.41183     0.00000
     4.83786     2.36401     0.00000
    23.52560     0.65829    -0.00000
    21.25340     0.70813     0.00000
    20.45951     0.72683     0.00000
    18.79512     0.78319    -0.00000
    21.33089     0.69241     0.00000
    19.72060     0.74411     0.00000
    23.48117     0.64308    -0.00000
    22.42740     0.66773     0.00000
    12.82936     1.04147     0.00000
     8.94486     1.44408     0.00000
    14.19702     0.95353    -0.00000
    12.13109     1.10459    -0.00000
    21.72564     0.68612    -0.00000
    19.20792     0.75416    -0.00000
    21.20310     0.68314     0.00000
    19.72723     0.72229     0.00000
    27.95839     0.57127    -0.00000
    26.72554     0.59040    -0.00000
    31.47157     0.54927     0.00000
    30.77354     0.56083     0.00000
    20.08497     0.70376    -0.00000
    17.81885     0.77285     0.00000
    23.51168     0.63601     0.00000
    22.43511     0.65932     0.00000
    24.95928     0.59791    -0.00000
    22.77266     0.63262    -0.00000
    26.70137     0.56883    -0.00000
    25.64143     0.58246    -0.00000
    28.04486     0.56481     0.00000
    28.40900     0.56197    -0.00000
    24.24942     0.60202     0.00000
    24.55189     0.59774     0.00000
    26.88307     0.62868     0.00000
    26.92172     0.62854     0.00000
    21.55979     0.67778     0.00000
    21.76166     0.67202    -0.00000
    35.45011     0.55872     0.00000
    35.21807     0.56123     0.00000
    30.65029     0.56377    -0.00000
    30.69478     0.56049     0.00000
    20.33020     0.68809    -0.00000
    20.79812     0.67647    -0.00000
    18.09054     0.77789    -0.00000
    18.62674     0.75885     0.00000
    16.17563     0.84308    -0.00000
    16.19933     0.84083    -0.00000
    10.77990     1.23683    -0.00000
    11.39643     1.17855     0.00000
    26.60470     0.59973    -0.00000
    26.26976     0.60224     0.00000
    22.42700     0.67369     0.00000
    22.59706     0.66874     0.00000
    16.50855     0.86854    -0.00000
    17.04302     0.84188     0.00000
    17.28909     0.84599     0.00000
    17.98688     0.81171    -0.00000
     5.74584     2.18187     0.00000
     5.69821     2.19038    -0.00000
     0.00000     4.46898     0.00000
     4.31274     2.50795     0.00000
    19.78188     0.75169     0.00000
    19.29509     0.76659     0.00000
    17.28909     0.84599     0.00000
    17.64928     0.82718     0.00000
    19.08297     0.77127     0.00000
    19.51357     0.75825     0.00000
    22.42700     0.67369    -0.00000
    23.07624     0.65823     0.00000
     6.06554     2.08838    -0.00000
     5.91044     2.12825     0.00000
    10.77990     1.23683     0.00000
    11.82088     1.12163    -0.00000
    17.52847     0.82047     0.00000
    16.93850     0.84841    -0.00000
    18.09054     0.77789     0.00000
    18.56823     0.75648    -0.00000
    26.23356     0.60139    -0.00000
    26.52370     0.59919    -0.00000
    30.65029     0.56377     0.00000
    31.20753     0.55853     0.00000
    16.52208     0.82694     0.00000
    16.42587     0.82965     0.00000
    21.55979     0.67778    -0.00000
    22.20988     0.66266    -0.00000
    21.34442     0.66323    -0.00000
    20.83116     0.67431    -0.00000
    24.24942     0.60202    -0.00000
    24.70776     0.59293     0.00000
    29.47865     0.55093    -0.00000
    31.18128     0.53544    -0.00000
    26.70137     0.56883     0.00000
    28.38385     0.55307     0.00000
    27.71681     0.61420    -0.00000
    29.20660     0.59015     0.00000
    23.51168     0.63601    -0.00000
    25.28761     0.60728    -0.00000
    35.57074     0.55474    -0.00000
    36.49116     0.54098     0.00000
    31.47157     0.54927    -0.00000
    32.72780     0.53482    -0.00000
    22.20740     0.64456     0.00000
    24.39544     0.60700    -0.00000
    21.20310     0.68314    -0.00000
    23.39185     0.64300    -0.00000
    17.45130     0.78798    -0.00000
    19.69872     0.71481    -0.00000
    14.19702     0.95353     0.00000
    17.12154     0.81538     0.00000
    26.71615     0.59188     0.00000
    27.90640     0.57293     0.00000
    23.48117     0.64308     0.00000
    25.23770     0.61187    -0.00000
    18.70184     0.77108    -0.00000
    21.22299     0.69811     0.00000
    20.45951     0.72683     0.00000
    22.82819     0.67350    -0.00000
     8.56077     1.50334    -0.00000
    12.46861     1.07109    -0.00000
     9.09530     1.41183    -0.00000
    13.38818     1.01044    -0.00000
    19.86555     0.74145    -0.00000
    21.40893     0.69274     0.00000
    18.56563     0.77962    -0.00000
    20.86112     0.70466    -0.00000
    20.94663     0.71400    -0.00000
    23.19710     0.66294     0.00000
    24.90029     0.62672     0.00000
    26.97195     0.59705     0.00000
     8.62774     1.48962    -0.00000
    12.46214     1.06921    -0.00000
    14.01091     0.95251     0.00000
    17.25549     0.80028     0.00000
    17.54822     0.81422    -0.00000
    19.24395     0.74474    -0.00000
    19.24610     0.72842     0.00000
    21.58340     0.66337     0.00000
    27.57129     0.58538    -0.00000
    29.29519     0.56556    -0.00000
    32.46335     0.54469     0.00000
    34.15052     0.53090    -0.00000
    17.54997     0.78332     0.00000
    19.68644     0.71313     0.00000
    23.28732     0.63731    -0.00000
    25.46905     0.60253    -0.00000
    21.29911     0.66075    -0.00000
    22.68765     0.62837    -0.00000
    25.07099     0.58397    -0.00000
    26.99839     0.55769    -0.00000
    33.42029     0.52195     0.00000
    36.09601     0.51505    -0.00000
    31.67556     0.53391     0.00000
    34.26281     0.53522     0.00000
    31.29205     0.56741     0.00000
    33.86327     0.55339     0.00000
    28.39405     0.57750    -0.00000
    31.15776     0.57065    -0.00000
    37.93803     0.52626    -0.00000
    39.85405     0.51573     0.00000
    34.74088     0.52193     0.00000
    36.95263     0.51620     0.00000
    27.17478     0.57799    -0.00000
    30.38359     0.56590    -0.00000
    27.15371     0.60345    -0.00000
    30.21342     0.60539    -0.00000
    22.64716     0.65454    -0.00000
    26.05974     0.62252    -0.00000
    21.26861     0.71078    -0.00000
    24.93721     0.68620     0.00000
    29.75137     0.55321     0.00000
    32.13850     0.54039     0.00000
    27.66241     0.58319     0.00000
    30.47465     0.57110     0.00000
    24.33997     0.64597     0.00000
    27.85346     0.62514     0.00000
    26.52771     0.63079    -0.00000
    29.73505     0.62822    -0.00000
    16.70353     0.84743     0.00000
    21.06921     0.75461    -0.00000
    18.19059     0.81721     0.00000
    22.47968     0.76544     0.00000
    23.73619     0.64314     0.00000
    26.64270     0.61170     0.00000
    23.57756     0.65238    -0.00000
    26.91327     0.62312    -0.00000
    26.05402     0.62290    -0.00000
    29.34076     0.60490     0.00000
    30.04209     0.57534     0.00000
    32.98345     0.56993     0.00000
    16.65935     0.84741     0.00000
    21.00298     0.75309    -0.00000
    21.02032     0.71200    -0.00000
    24.92428     0.67837    -0.00000
    21.77341     0.67655    -0.00000
    24.88364     0.63318    -0.00000
    24.06255     0.62393     0.00000
    27.42912     0.59505     0.00000
    31.58483     0.54759    -0.00000
    34.32722     0.53785    -0.00000
    36.52050     0.51931    -0.00000
    39.03915     0.51638     0.00000
    22.54934     0.65386     0.00000
    25.89887     0.62025     0.00000
    28.02182     0.57825     0.00000
    31.13704     0.56670     0.00000
    24.84288     0.59353     0.00000
    27.58569     0.56872    -0.00000
    28.88812     0.54211     0.00000
    31.82453     0.52857    -0.00000
