#R dependence of bare Coulomb
#1:R [AA], 2:Re[V(R)] [eV], 3:Im[V(R)] [eV]
    31.61568     0.53225    -0.00000
    28.88812     0.54304     0.00000
    27.58569     0.56872     0.00000
    24.57145     0.59906    -0.00000
    31.12439     0.56876     0.00000
    28.02182     0.57893     0.00000
    25.89887     0.62025    -0.00000
    22.52824     0.65595     0.00000
    39.18838     0.51650     0.00000
    36.52050     0.51964    -0.00000
    34.32722     0.53785     0.00000
    31.76654     0.54777    -0.00000
    27.30104     0.60084    -0.00000
    24.06255     0.62623    -0.00000
    24.88364     0.63318     0.00000
    21.60807     0.68211    -0.00000
    25.03341     0.68225    -0.00000
    21.02032     0.71482     0.00000
    21.00298     0.75309     0.00000
    16.81734     0.84534    -0.00000
    33.25390     0.57071     0.00000
    30.04209     0.57607    -0.00000
    29.34076     0.60490    -0.00000
    26.39247     0.62058     0.00000
    26.89896     0.62608     0.00000
    23.57756     0.65403    -0.00000
    26.64270     0.61170    -0.00000
    23.71653     0.64347    -0.00000
    22.73824     0.76520    -0.00000
    18.19059     0.81836     0.00000
    21.06921     0.75461     0.00000
    17.04514     0.83640    -0.00000
    30.13846     0.62608     0.00000
    26.52771     0.63127     0.00000
    27.85346     0.62514    -0.00000
    24.82791     0.63880     0.00000
    30.56426     0.57071     0.00000
    27.66241     0.58349     0.00000
    32.13850     0.54039    -0.00000
    29.84043     0.55194     0.00000
    25.29419     0.68225     0.00000
    21.26861     0.70906    -0.00000
    26.05974     0.62252     0.00000
    23.03611     0.64741    -0.00000
    30.71227     0.60084    -0.00000
    27.15371     0.60329     0.00000
    30.38359     0.56590     0.00000
    27.72543     0.57148    -0.00000
    37.11073     0.51650    -0.00000
    34.74088     0.52218     0.00000
    39.85405     0.51573    -0.00000
    38.08990     0.52780     0.00000
    31.54326     0.56876     0.00000
    28.39405     0.57703    -0.00000
    33.86327     0.55339    -0.00000
    31.67334     0.56625     0.00000
    34.79329     0.53225    -0.00000
    31.67556     0.53384    -0.00000
    36.09601     0.51505     0.00000
    33.96154     0.51968    -0.00000
    26.66192     0.56301    -0.00000
    25.07099     0.58477     0.00000
    22.68765     0.62837     0.00000
    20.86707     0.67109    -0.00000
    25.35902     0.60497     0.00000
    23.28732     0.63820     0.00000
    19.68644     0.71313    -0.00000
    17.38521     0.78870     0.00000
    34.25094     0.53037     0.00000
    32.46335     0.54478    -0.00000
    29.29519     0.56556     0.00000
    27.69264     0.58528    -0.00000
    21.30794     0.67400    -0.00000
    19.24610     0.73211    -0.00000
    19.24395     0.74474     0.00000
    17.20355     0.82897    -0.00000
    17.27422     0.80762    -0.00000
    14.01091     0.96323     0.00000
    12.46214     1.06921     0.00000
     8.65575     1.49064    -0.00000
    27.21387     0.59680     0.00000
    24.90029     0.62762    -0.00000
    23.19710     0.66294    -0.00000
    21.25340     0.70813     0.00000
    20.72706     0.70943     0.00000
    18.56563     0.78275    -0.00000
    21.40893     0.69274    -0.00000
    19.72060     0.74411    -0.00000
    13.64294     0.99551    -0.00000
     9.09530     1.41619     0.00000
    12.46861     1.07109     0.00000
     8.94486     1.44408    -0.00000
    23.24811     0.66594     0.00000
    20.45951     0.72619     0.00000
    21.22299     0.69811    -0.00000
    19.20792     0.75416     0.00000
    25.25086     0.61004     0.00000
    23.48117     0.64310     0.00000
    27.90640     0.57293    -0.00000
    26.72554     0.59040     0.00000
    17.50067     0.79429    -0.00000
    14.19702     0.94194    -0.00000
    19.69872     0.71481     0.00000
    17.81885     0.77285    -0.00000
    23.93254     0.63127    -0.00000
    21.20310     0.68032     0.00000
    24.39544     0.60700     0.00000
    22.77266     0.63262     0.00000
    32.83311     0.53463    -0.00000
    31.47157     0.54923     0.00000
    36.49116     0.54098    -0.00000
    35.66538     0.55718     0.00000
    25.66767     0.60142     0.00000
    23.51168     0.63437    -0.00000
    29.20660     0.59015    -0.00000
    28.06109     0.61258     0.00000
    28.93909     0.54707    -0.00000
    26.70137     0.56771    -0.00000
    31.18128     0.53544     0.00000
    30.01093     0.54740    -0.00000
    24.24074     0.60026    -0.00000
    24.24942     0.60129     0.00000
    20.83116     0.67431     0.00000
    20.79812     0.67647    -0.00000
    21.97455     0.66739     0.00000
    21.55979     0.67696     0.00000
    16.42587     0.82965    -0.00000
    16.19933     0.84083     0.00000
    31.24057     0.55776     0.00000
    30.65029     0.56363    -0.00000
    26.52370     0.59919     0.00000
    26.26976     0.60224    -0.00000
    18.11516     0.77512    -0.00000
    18.09054     0.77624    -0.00000
    16.93850     0.84841     0.00000
    17.04302     0.84188    -0.00000
    11.64366     1.15018    -0.00000
    10.77990     1.23071     0.00000
     5.91044     2.12825    -0.00000
     5.69821     2.19038     0.00000
    23.25545     0.65767     0.00000
    22.42700     0.67417    -0.00000
    19.51357     0.75825    -0.00000
    19.29509     0.76659     0.00000
    17.35271     0.84040     0.00000
    17.28909     0.84634    -0.00000
    19.29509     0.76659    -0.00000
    19.51357     0.75825    -0.00000
     4.54765     2.42776    -0.00000
     0.00000     4.40404     0.00000
     5.69821     2.19038     0.00000
     5.91044     2.12825    -0.00000
    18.38671     0.79614    -0.00000
    17.28909     0.84634     0.00000
    17.04302     0.84188    -0.00000
    16.93850     0.84841     0.00000
    22.50526     0.66840     0.00000
    22.42700     0.67417     0.00000
    26.26976     0.60224    -0.00000
    26.52370     0.59919     0.00000
    11.75584     1.12686     0.00000
    10.77990     1.23071    -0.00000
    16.19933     0.84083     0.00000
    16.42587     0.82965    -0.00000
    19.17650     0.73667    -0.00000
    18.09054     0.77624     0.00000
    20.79812     0.67647     0.00000
    20.83116     0.67431    -0.00000
    30.72896     0.56061    -0.00000
    30.65029     0.56363     0.00000
    35.21807     0.56123    -0.00000
    35.47741     0.56197     0.00000
    22.09368     0.66459     0.00000
    21.55979     0.67696    -0.00000
    26.92172     0.62854    -0.00000
    27.14954     0.62854     0.00000
    25.09617     0.58887    -0.00000
    24.24942     0.60129    -0.00000
    28.40900     0.56197     0.00000
    28.51971     0.56123    -0.00000
    25.09617     0.58887    -0.00000
    26.70137     0.56771     0.00000
    22.77266     0.63262     0.00000
    24.39544     0.60700    -0.00000
    22.09368     0.66459     0.00000
    23.51168     0.63437     0.00000
    17.81885     0.77285    -0.00000
    19.69872     0.71481     0.00000
    30.72896     0.56061     0.00000
    31.47157     0.54923    -0.00000
    26.72554     0.59040     0.00000
    27.90640     0.57293    -0.00000
    19.17650     0.73667    -0.00000
    21.20310     0.68032    -0.00000
    19.20792     0.75416     0.00000
    21.22299     0.69811    -0.00000
    11.75584     1.12686    -0.00000
    14.19702     0.94194     0.00000
     8.94486     1.44408    -0.00000
    12.46861     1.07109    -0.00000
    22.50526     0.66840     0.00000
    23.48117     0.64310    -0.00000
    19.72060     0.74411    -0.00000
    21.40893     0.69274     0.00000
    18.38671     0.79614     0.00000
    20.45951     0.72619    -0.00000
    21.25340     0.70813    -0.00000
    23.19710     0.66294    -0.00000
     4.54765     2.42776    -0.00000
     9.09530     1.41619    -0.00000
     8.65575     1.49064     0.00000
    12.46214     1.06921    -0.00000
    17.35271     0.84040    -0.00000
    18.56563     0.78275     0.00000
    17.20355     0.82897    -0.00000
    19.24395     0.74474     0.00000
    23.25545     0.65767     0.00000
    24.90029     0.62762     0.00000
    27.69264     0.58528    -0.00000
    29.29519     0.56556     0.00000
    11.64366     1.15018    -0.00000
    14.01091     0.96323    -0.00000
    17.38521     0.78870     0.00000
    19.68644     0.71313    -0.00000
    18.11516     0.77512    -0.00000
    19.24610     0.73211     0.00000
    20.86707     0.67109     0.00000
    22.68765     0.62837    -0.00000
    31.24057     0.55776    -0.00000
    32.46335     0.54478     0.00000
    36.25561     0.54740    -0.00000
    37.55959     0.53544     0.00000
    21.97455     0.66739     0.00000
    23.28732     0.63820    -0.00000
    27.60401     0.61258    -0.00000
    29.19279     0.59015     0.00000
    24.24074     0.60026    -0.00000
    25.07099     0.58477    -0.00000
    28.41336     0.55718     0.00000
    29.85869     0.54098    -0.00000
    28.93909     0.54707    -0.00000
    31.67556     0.53384     0.00000
    27.72543     0.57148     0.00000
    30.38359     0.56590    -0.00000
    25.66767     0.60142     0.00000
    28.39405     0.57703     0.00000
    23.03611     0.64741    -0.00000
    26.05974     0.62252     0.00000
    32.83311     0.53463     0.00000
    34.74088     0.52218    -0.00000
    29.84043     0.55194     0.00000
    32.13850     0.54039    -0.00000
    23.93254     0.63127    -0.00000
    27.15371     0.60329    -0.00000
    24.82791     0.63880     0.00000
    27.85346     0.62514    -0.00000
    17.50067     0.79429    -0.00000
    21.26861     0.70906     0.00000
    17.04514     0.83640     0.00000
    21.06921     0.75461     0.00000
    25.25086     0.61004     0.00000
    27.66241     0.58349    -0.00000
    23.71653     0.64347    -0.00000
    26.64270     0.61170     0.00000
    23.24811     0.66594     0.00000
    26.52771     0.63127    -0.00000
    26.39247     0.62058    -0.00000
    29.34076     0.60490    -0.00000
    13.64294     0.99551    -0.00000
    18.19059     0.81836    -0.00000
    16.81734     0.84534     0.00000
    21.00298     0.75309    -0.00000
    20.72706     0.70943     0.00000
    23.57756     0.65403     0.00000
    21.60807     0.68211    -0.00000
    24.88364     0.63318     0.00000
    27.21387     0.59680     0.00000
    30.04209     0.57607     0.00000
    31.76654     0.54777    -0.00000
    34.32722     0.53785     0.00000
    17.27422     0.80762    -0.00000
    21.02032     0.71482    -0.00000
    22.52824     0.65595     0.00000
    25.89887     0.62025    -0.00000
    21.30794     0.67400    -0.00000
    24.06255     0.62623     0.00000
    24.57145     0.59906     0.00000
    27.58569     0.56872    -0.00000
    34.25094     0.53037    -0.00000
    36.52050     0.51964     0.00000
    39.42176     0.51968    -0.00000
    41.57220     0.51505     0.00000
    25.35902     0.60497     0.00000
    28.02182     0.57893    -0.00000
    31.05854     0.56625    -0.00000
    33.65694     0.55339     0.00000
    26.66192     0.56301    -0.00000
    28.88812     0.54304    -0.00000
    31.19320     0.52780     0.00000
    33.69210     0.51573    -0.00000
